3 999
class Real 1743979489 class Real 1743979489 class Real 1743979489 
28  1962  32757  
692  1963  32756  
410  1918  32726  
109  1989  32702  
320  1924  32678  
594  1943  32611  
108  1944  32609  
746  1970  32607  
80  1900  32591  
760  1987  32584  
721  1931  32544  
679  1970  32528  
251  1995  32525  
536  1959  32498  
47  1944  32439  
276  1935  32356  
202  1973  32270  
403  1935  32226  
695  1965  32075  
395  1908  32060  
954  1933  32029  
134  1981  31998  
801  1911  31947  
306  1926  31934  
246  1929  31928  
574  1930  31923  
307  1905  31783  
515  1945  31762  
561  1961  31754  
343  1961  31627  
105  1919  31556  
728  1940  31497  
928  1958  31493  
598  1916  31450  
147  1988  31426  
152  1976  31329  
676  1942  31310  
216  1922  31286  
737  1926  31276  
345  1929  31240  
793  1987  31226  
925  1997  31202  
417  1942  31196  
52  1933  31115  
642  1920  31111  
40  1906  31101  
412  1955  31001  
219  1913  30974  
635  1956  30974  
149  1932  30932  
319  1911  30877  
428  1936  30838  
87  1991  30836  
221  1935  30833  
543  1902  30807  
255  1911  30771  
327  1912  30695  
788  1946  30693  
714  1912  30648  
586  1908  30568  
572  1961  30524  
961  1969  30470  
817  1989  30422  
23  1922  30333  
106  1998  30303  
602  1909  30300  
882  1952  30271  
239  1976  30227  
900  1925  30221  
619  1905  30195  
70  1907  30191  
529  1931  30114  
34  1988  30106  
423  1975  30093  
500  1986  30080  
854  1972  30032  
459  1971  30003  
210  1923  29972  
785  1929  29916  
513  1902  29873  
291  1996  29855  
480  1980  29815  
422  1926  29812  
384  1970  29763  
293  1984  29734  
531  1922  29704  
53  1939  29658  
123  1990  29657  
342  1949  29556  
344  1967  29541  
187  1954  29510  
699  1928  29492  
629  1904  29486  
542  1947  29458  
283  1969  29361  
5  1978  29358  
277  1972  29350  
476  1912  29288  
987  1928  29264  
346  1913  29174  
220  1970  29170  
79  1913  29168  
525  1996  29152  
998  1912  29151  
425  1936  29141  
507  1966  29087  
887  1968  29022  
865  1969  28978  
571  1957  28962  
835  1943  28888  
470  1937  28869  
749  1919  28761  
57  1921  28745  
373  1945  28712  
275  1911  28704  
153  1968  28692  
486  1956  28689  
837  1947  28680  
716  1974  28633  
634  1987  28532  
247  1923  28520  
137  1957  28476  
969  1921  28470  
233  1918  28464  
668  1901  28442  
131  1975  28433  
381  1901  28323  
200  1987  28297  
844  1973  28274  
614  1902  28255  
580  1914  28164  
661  1950  28149  
7  1905  28145  
199  1933  28070  
190  1974  28022  
178  1946  27982  
94  1918  27938  
380  1918  27870  
544  1998  27830  
176  1913  27756  
506  1916  27726  
565  1938  27663  
711  1943  27649  
27  1947  27644  
213  1905  27593  
516  1923  27531  
212  1903  27432  
807  1907  27432  
273  1993  27384  
944  1918  27368  
717  1991  27200  
974  1987  27196  
119  1909  27157  
829  1947  27124  
904  1993  27080  
401  1948  27067  
797  1965  27065  
759  1998  27032  
743  1980  27008  
733  1978  26979  
387  1900  26969  
639  1983  26948  
563  1914  26946  
450  1943  26909  
852  1947  26890  
141  1903  26869  
790  1949  26857  
712  1915  26841  
915  1920  26835  
616  1972  26821  
522  1914  26809  
631  1945  26806  
334  1951  26740  
912  1959  26653  
538  1962  26633  
521  1936  26630  
858  1906  26578  
311  1937  26534  
784  1977  26517  
3  1934  26500  
740  1918  26489  
329  1940  26488  
392  1909  26463  
185  1992  26439  
628  1959  26434  
881  1974  26431  
352  1970  26428  
534  1938  26423  
841  1955  26363  
46  1931  26308  
229  1958  26302  
20  1967  26299  
827  1996  26281  
472  1971  26264  
637  1983  26222  
791  1940  26052  
698  1930  26048  
606  1958  26031  
160  1979  25996  
483  1910  25898  
197  1934  25874  
196  1914  25824  
222  1911  25760  
816  1976  25759  
168  1955  25734  
313  1976  25705  
838  1926  25678  
405  1953  25629  
245  1925  25627  
400  1930  25620  
256  1911  25547  
617  1922  25547  
362  1964  25542  
379  1945  25508  
232  1951  25484  
666  1934  25472  
611  1982  25391  
526  1954  25345  
462  1985  25313  
469  1915  25269  
366  1950  25205  
114  1948  25200  
490  1928  25184  
383  1952  25087  
418  1948  25072  
769  1979  25058  
726  1952  25011  
832  1959  24998  
355  1998  24970  
452  1989  24948  
77  1922  24946  
687  1967  24865  
317  1955  24855  
918  1971  24808  
951  1905  24791  
479  1984  24774  
930  1974  24773  
64  1955  24767  
408  1957  24766  
967  1988  24710  
773  1978  24676  
249  1923  24596  
980  1907  24567  
566  1975  24515  
91  1968  24484  
382  1932  24472  
6  1962  24464  
828  1921  24455  
420  1973  24429  
870  1918  24390  
138  1992  24389  
172  1913  24355  
845  1950  24353  
86  1902  24350  
519  1907  24307  
657  1938  24237  
554  1916  24230  
990  1901  24227  
950  1979  24199  
122  1938  24179  
447  1950  24155  
288  1923  24129  
287  1985  24041  
444  1909  24028  
89  1996  24021  
349  1913  23992  
966  1979  23990  
514  1924  23941  
643  1982  23856  
356  1987  23847  
700  1933  23840  
328  1969  23831  
590  1976  23826  
22  1903  23811  
37  1946  23805  
148  1917  23757  
771  1907  23729  
862  1920  23694  
991  1997  23692  
120  1972  23622  
970  1983  23589  
935  1941  23588  
523  1984  23556  
610  1910  23552  
995  1921  23445  
623  1972  23439  
415  1964  23342  
282  1937  23271  
843  1961  23245  
279  1956  23216  
90  1948  23199  
164  1993  23195  
234  1919  23152  
562  1998  23146  
787  1969  22912  
125  1915  22888  
494  1933  22867  
271  1901  22850  
299  1967  22848  
667  1972  22830  
240  1943  22758  
689  1957  22750  
309  1979  22701  
648  1977  22668  
358  1921  22663  
36  1964  22648  
129  1928  22646  
949  1903  22640  
458  1908  22619  
231  1978  22593  
720  1980  22578  
723  1999  22525  
98  1948  22483  
230  1971  22466  
823  1961  22431  
272  1960  22428  
56  1973  22386  
993  1901  22363  
360  1910  22171  
301  1923  22142  
825  1997  22106  
898  1953  22104  
649  1968  21991  
923  1985  21962  
948  1969  21895  
703  1937  21892  
706  1944  21794  
901  1964  21781  
259  1988  21763  
17  1947  21726  
68  1941  21724  
228  1976  21694  
184  1944  21659  
435  1962  21634  
226  1995  21624  
922  1975  21562  
389  1928  21543  
49  1937  21538  
257  1953  21520  
736  1920  21497  
963  1994  21487  
890  1938  21388  
489  1923  21363  
658  1943  21313  
524  1990  21293  
682  1983  21286  
537  1986  21196  
445  1900  21080  
799  1978  21078  
962  1905  21047  
411  1911  21025  
175  1932  20945  
363  1919  20913  
774  1953  20899  
397  1954  20888  
260  1940  20851  
496  1968  20825  
546  1978  20799  
118  1989  20798  
402  1936  20783  
478  1985  20710  
873  1920  20710  
170  1916  20671  
934  1955  20666  
911  1979  20663  
188  1945  20649  
756  1960  20615  
340  1975  20608  
83  1924  20537  
568  1915  20528  
110  1995  20485  
182  1935  20450  
547  1952  20448  
165  1997  20416  
512  1909  20415  
992  1971  20363  
254  1930  20326  
238  1970  20315  
595  1941  20289  
693  1907  20278  
664  1965  20267  
457  1978  20259  
180  1996  20222  
735  1973  20193  
303  1941  20175  
198  1972  20159  
132  1969  20142  
973  1962  20135  
956  1953  20083  
324  1975  20072  
128  1972  20055  
173  1985  20053  
186  1953  20024  
508  1981  19964  
43  1984  19954  
581  1991  19949  
752  1916  19932  
19  1969  19912  
552  1918  19897  
16  1918  19895  
715  1923  19851  
116  1980  19796  
665  1913  19793  
976  1935  19779  
564  1988  19569  
177  1921  19558  
814  1951  19447  
694  1989  19435  
607  1968  19426  
937  1915  19396  
456  1931  19369  
333  1953  19314  
872  1986  19199  
979  1901  19105  
899  1984  19095  
330  1985  19090  
58  1924  19072  
978  1962  18965  
763  1941  18882  
960  1952  18864  
593  1974  18819  
730  1940  18805  
354  1975  18786  
940  1955  18762  
15  1921  18716  
632  1966  18700  
286  1917  18696  
374  1946  18678  
135  1922  18651  
63  1961  18636  
690  1914  18598  
76  1921  18588  
378  1965  18540  
729  1985  18529  
745  1977  18503  
2  1941  18467  
321  1952  18443  
551  1936  18397  
540  1946  18392  
588  1952  18373  
361  1989  18240  
860  1971  18166  
939  1912  18136  
485  1977  18132  
847  1999  18110  
235  1900  18087  
157  1945  18060  
864  1909  17984  
640  1923  17982  
605  1972  17968  
968  1971  17945  
942  1921  17922  
416  1975  17913  
868  1968  17906  
305  1921  17870  
371  1971  17864  
431  1930  17841  
920  1902  17832  
880  1960  17827  
304  1959  17825  
262  1900  17713  
633  1967  17692  
810  1910  17641  
653  1997  17612  
885  1911  17604  
263  1958  17578  
889  1942  17537  
896  1901  17482  
573  1949  17469  
848  1943  17465  
103  1935  17451  
162  1949  17437  
708  1947  17432  
308  1950  17398  
806  1914  17282  
627  1908  17223  
151  1921  17189  
936  1981  17168  
385  1901  17103  
766  1921  17095  
242  1982  17086  
909  1968  17040  
294  1954  16972  
292  1953  16962  
794  1962  16955  
555  1949  16925  
446  1918  16858  
8  1981  16827  
861  1996  16697  
751  1963  16683  
316  1913  16641  
440  1903  16634  
674  1979  16595  
893  1993  16584  
155  1934  16549  
51  1929  16541  
61  1997  16512  
783  1944  16446  
144  1955  16423  
808  1996  16367  
577  1937  16336  
167  1988  16282  
473  1917  16215  
166  1986  16105  
713  1989  16100  
796  1980  16097  
601  1993  16074  
424  1965  16036  
646  1977  15969  
377  1989  15944  
652  1926  15871  
727  1960  15834  
826  1952  15821  
957  1920  15814  
874  1971  15813  
786  1974  15791  
488  1941  15790  
351  1992  15759  
406  1924  15748  
4  1969  15724  
897  1947  15665  
497  1976  15629  
65  1955  15574  
60  1977  15573  
775  1984  15565  
856  1965  15431  
39  1970  15350  
117  1998  15281  
448  1961  15264  
375  1969  15262  
558  1960  15147  
332  1990  15145  
997  1941  15022  
248  1902  14962  
409  1944  14955  
326  1917  14932  
258  1990  14924  
97  1928  14893  
270  1913  14887  
905  1980  14868  
985  1938  14844  
839  1950  14801  
977  1993  14790  
863  1929  14788  
641  1918  14776  
988  1901  14723  
471  1958  14700  
142  1961  14688  
592  1949  14640  
419  1926  14606  
12  1991  14604  
545  1992  14600  
879  1986  14507  
278  1923  14485  
244  1977  14474  
295  1957  14369  
111  1993  14343  
575  1950  14333  
495  1953  14295  
441  1903  14256  
984  1997  14218  
840  1961  14199  
211  1961  14181  
800  1978  14140  
191  1968  14018  
204  1992  13985  
376  1919  13985  
669  1977  13877  
805  1933  13865  
553  1928  13851  
261  1962  13829  
906  1911  13713  
528  1991  13712  
225  1940  13694  
453  1982  13653  
370  1984  13648  
776  1993  13608  
732  1910  13549  
803  1975  13489  
722  1940  13487  
437  1916  13452  
878  1987  13444  
731  1991  13392  
281  1926  13357  
62  1986  13290  
946  1950  13290  
891  1955  13289  
250  1937  13261  
836  1953  13232  
604  1989  13161  
214  1925  13031  
78  1906  13030  
284  1996  13022  
264  1965  13007  
163  1966  12949  
300  1975  12938  
910  1931  12933  
750  1956  12890  
29  1937  12859  
399  1949  12843  
267  1903  12760  
947  1935  12759  
770  1977  12750  
310  1993  12734  
322  1996  12673  
391  1943  12637  
42  1929  12623  
748  1922  12611  
569  1934  12570  
224  1985  12550  
161  1987  12529  
822  1948  12503  
824  1982  12455  
159  1939  12423  
461  1904  12392  
14  1992  12382  
121  1938  12292  
72  1957  12287  
517  1906  12268  
171  1986  12263  
501  1916  12249  
958  1918  12244  
338  1964  12181  
765  1958  12105  
869  1928  12097  
908  1916  12079  
927  1940  12076  
747  1996  12074  
66  1931  12052  
539  1958  12022  
10  1995  11942  
914  1965  11874  
44  1956  11840  
871  1999  11785  
821  1953  11777  
169  1914  11701  
510  1921  11662  
298  1911  11635  
702  1910  11599  
18  1971  11538  
126  1956  11511  
318  1942  11462  
368  1903  11422  
705  1952  11369  
394  1988  11342  
71  1907  11337  
48  1926  11323  
857  1958  11293  
335  1944  11258  
369  1998  11247  
777  1972  11243  
739  1978  11159  
442  1948  11124  
372  1913  11075  
932  1935  11072  
677  1982  11058  
654  1903  11027  
88  1974  11020  
107  1924  11008  
782  1951  10986  
557  1920  10940  
576  1925  10910  
535  1918  10866  
174  1912  10808  
894  1987  10761  
139  1975  10712  
834  1922  10635  
145  1902  10585  
842  1916  10573  
154  1925  10555  
314  1962  10548  
183  1973  10466  
921  1905  10440  
608  1910  10422  
755  1962  10396  
73  1953  10383  
436  1993  10353  
146  1982  10285  
744  1967  10208  
768  1978  10178  
285  1917  10112  
926  1908  10080  
487  1913  10008  
583  1937  10004  
718  1954  9990  
585  1964  9970  
467  1908  9961  
54  1904  9930  
767  1996  9916  
192  1987  9905  
21  1935  9894  
681  1913  9860  
789  1991  9815  
143  1901  9789  
618  1977  9789  
460  1945  9781  
75  1909  9758  
30  1923  9741  
945  1917  9714  
815  1908  9646  
603  1995  9573  
550  1962  9567  
414  1984  9515  
101  1913  9514  
156  1941  9512  
113  1914  9503  
413  1949  9496  
678  1926  9487  
570  1905  9464  
280  1926  9357  
855  1989  9320  
323  1940  9313  
734  1971  9277  
798  1913  9261  
833  1974  9253  
707  1908  9252  
943  1912  9248  
365  1918  9232  
600  1964  9166  
919  1959  9156  
830  1918  9135  
742  1924  9072  
916  1980  8976  
35  1940  8942  
290  1959  8932  
644  1990  8925  
74  1945  8909  
931  1997  8880  
659  1901  8850  
672  1990  8823  
853  1971  8805  
609  1974  8779  
336  1935  8759  
953  1952  8753  
348  1915  8683  
952  1961  8681  
762  1906  8670  
683  1942  8610  
986  1972  8563  
792  1936  8551  
929  1940  8546  
818  1966  8486  
205  1902  8480  
504  1921  8405  
795  1983  8394  
218  1987  8360  
697  1933  8360  
189  1986  8313  
252  1964  8260  
895  1993  8217  
589  1952  8194  
201  1918  8177  
253  1902  8116  
902  1972  8106  
999  1915  8055  
673  1937  8023  
530  1939  7958  
620  1994  7950  
217  1964  7900  
503  1979  7864  
474  1955  7815  
650  1996  7783  
651  1928  7727  
25  1941  7711  
579  1993  7636  
206  1913  7627  
102  1909  7616  
337  1992  7605  
989  1990  7604  
597  1905  7585  
591  1996  7572  
647  1943  7534  
778  1929  7514  
533  1969  7479  
193  1958  7391  
45  1966  7376  
704  1982  7328  
877  1931  7267  
438  1908  7262  
959  1963  7229  
709  1935  7208  
491  1978  7200  
656  1908  7185  
684  1972  7128  
587  1981  7085  
955  1987  7042  
404  1985  7038  
455  1902  6923  
26  1953  6868  
505  1926  6816  
754  1954  6813  
781  1922  6748  
38  1990  6729  
421  1904  6705  
364  1991  6704  
427  1956  6652  
115  1958  6618  
100  1910  6617  
738  1990  6582  
481  1951  6541  
274  1905  6540  
965  1923  6540  
813  1921  6538  
302  1954  6511  
468  1959  6493  
645  1924  6486  
84  1948  6483  
812  1905  6479  
266  1958  6439  
465  1937  6410  
82  1910  6359  
466  1961  6234  
725  1992  6193  
124  1958  6191  
804  1950  6149  
875  1915  6085  
347  1901  6077  
511  1921  6064  
341  1992  5997  
426  1914  5994  
780  1991  5973  
625  1962  5967  
464  1922  5938  
624  1928  5912  
685  1934  5841  
59  1970  5829  
612  1995  5764  
917  1955  5725  
136  1921  5699  
509  1940  5686  
518  1918  5602  
350  1924  5601  
463  1998  5589  
388  1915  5565  
596  1919  5565  
655  1908  5545  
724  1983  5538  
439  1933  5454  
11  1927  5436  
104  1900  5249  
241  1964  5109  
269  1977  5108  
779  1968  5055  
636  1947  5021  
972  1979  5006  
888  1913  5000  
971  1955  4978  
719  1997  4919  
130  1962  4886  
809  1922  4882  
820  1914  4860  
237  1910  4757  
92  1981  4734  
499  1909  4693  
883  1968  4693  
393  1949  4681  
758  1936  4680  
223  1996  4667  
24  1973  4664  
549  1915  4575  
289  1929  4565  
626  1908  4415  
195  1977  4414  
851  1976  4381  
846  1981  4287  
443  1917  4213  
433  1937  4186  
179  1981  4144  
207  1902  4099  
353  1927  4084  
85  1995  4041  
866  1917  4015  
541  1937  3925  
339  1903  3829  
95  1900  3788  
158  1918  3753  
867  1926  3684  
449  1903  3676  
194  1902  3625  
876  1918  3580  
994  1921  3565  
451  1902  3561  
41  1993  3548  
983  1998  3545  
386  1923  3527  
764  1949  3523  
761  1940  3517  
686  1918  3503  
710  1964  3497  
243  1965  3487  
741  1959  3449  
69  1966  3430  
407  1923  3359  
903  1956  3343  
964  1926  3276  
907  1968  3251  
892  1947  3181  
981  1969  3134  
475  1930  3039  
32  1916  3035  
772  1981  2995  
296  1932  2963  
753  1952  2741  
203  1963  2668  
691  1958  2661  
127  1902  2634  
208  1927  2625  
584  1937  2623  
599  1915  2609  
757  1904  2599  
498  1950  2598  
331  1997  2589  
849  1972  2529  
140  1900  2510  
582  1935  2505  
297  1907  2483  
99  1907  2421  
638  1931  2376  
359  1906  2363  
675  1969  2327  
268  1957  2324  
55  1977  2306  
680  1951  2258  
454  1974  2220  
859  1948  2206  
811  1931  2187  
181  1929  2161  
150  1969  2154  
227  1919  2125  
850  1981  2112  
660  1928  2111  
913  1936  2095  
390  1947  2088  
975  1933  2088  
50  1918  2082  
819  1955  2028  
432  1925  2011  
93  1953  1999  
312  1956  1993  
477  1982  1954  
236  1960  1926  
209  1943  1924  
492  1971  1885  
688  1938  1881  
33  1990  1842  
924  1980  1836  
831  1976  1774  
396  1921  1758  
701  1966  1735  
482  1915  1679  
81  1962  1655  
559  1962  1655  
434  1990  1650  
112  1923  1587  
367  1975  1539  
502  1967  1528  
982  1971  1457  
662  1992  1454  
133  1944  1416  
696  1986  1386  
671  1964  1381  
613  1974  1364  
429  1982  1355  
578  1937  1278  
265  1977  1200  
67  1950  1150  
430  1915  1131  
493  1974  1071  
532  1995  1052  
520  1981  1012  
622  1981  1012  
938  1925  1009  
630  1919  958  
560  1975  792  
484  1973  788  
31  1929  778  
621  1943  754  
941  1943  742  
933  1900  707  
670  1970  702  
398  1946  690  
663  1969  681  
325  1918  610  
548  1982  540  
357  1904  503  
996  1910  495  
9  1961  491  
567  1921  475  
615  1960  474  
96  1927  467  
886  1977  406  
884  1985  337  
315  1981  300  
527  1908  248  
556  1958  229  
802  1945  170  
13  1902  153  
215  1992  142  
2  2  2  
